spawns: 
  default: 
    world: Plots
    x: -46.594618777079226
    y: 140.0
    z: -47.31236102995599
    yaw: 0.299745
    pitch: -6.300104
  builder: 
    world: Plots
    x: -46.594618777079226
    y: 140.0
    z: -47.31236102995599
    yaw: 0.299745
    pitch: -6.300104
