spawns:
  default:
    world: 64bdd417-584f-4622-9755-0758303ac982
    world-name: Creative_world
    x: 0.4964497832098168
    y: 66.0
    z: -14.529911841278516
    yaw: -0.11273193359375
    pitch: -0.7500689625740051
