world: 64bdd417-584f-4622-9755-0758303ac982
world-name: Creative_world
x: -3.3583380939647625
y: 94.0
z: 58.83000687142365
yaw: 179.4665985107422
pitch: 1.7999374866485596
name: help
lastowner: f0e7f028-4955-4dc8-8e40-d334ef0bd19a
